1871761577
1891790770
1144665878
1831249200
1124314067
1497769368
1669476255
1164809851
1851654867
1982918694
1457401259
1902301781
1073519989
1639172604
1730316076
1073582409
1538193230
1366425704
1982696134
1821228677
1457612830
1912297284
1083744775
1952677858
1710514344
1043253347
1962436410
1659302099
1215236401
1114996576
1114991676
1063430023
1104860691
1104141159
1063401362
1033259114
1093915837
1093733156
1053775346
1083972913
1174054860
1083935068
1053759019
1033242581
1184068496
1184072209
1023079522
1194093971
1194757328
1194861674
1194975177
1205889052
1215921275
1386816601
1225391725
1235333634
1245405240
1386140556
1164953295
1164797270
1366875213
1154709970
1083857015
1154683811
1144756875
1083279517
1346462637
1144255324
1073823258
1043230584
1033114335
1346274024
1336677913
1346346491
1346426293
1144203779
1346694163
1356390546
1366422917
1336348820
1366850331
1376546226
1376701391
1376787630
1134549967
1386601318
1073774774
1386871838
1396125589
1396702783
1407820194
1407846330
1477558195
1487073920
1487840047
1487851754
1487905634
1497135156
1497287148
1497743702
1497744205
1497892996
1497908883
1508857491
1528015013
1528079878
1528264793
1528380441
1538143805
1538491311
1558653014
1568465987
1568468999
1568504280
1568780195
1578060117
1588638217
1598778052
1609263532
1639113665
1639137524
1639160112
1639271984
1639437627
1639497258
1649209115
1649215245
1659327849
1659330272
1659374205
1659876696
1679531974
1689640377
1689687147
1700808904
1700879343
1710911219
1710961917
1720219454
1720422520
1730476730
1730671389
1740259829
1740391952
1740393511
1740433945
1770715484
1780115493
1780600098
1780684571
1790733954
1790888006
1811937683
1821085457
1821298134
1831137991
1831151612
1831159110
1841222502
1851328132
1851341846
1851556476
1861424178
1861499071
1871535674
1871851923
1871881656
1881745651
1902892201
1912085002
1912492836
1922035229
1932101037
1942400262
1942593702
1952894966
1962473439
1972663227
1982054433
1992293757
1306026281
1992860886
1013449024
1023541729
1033522529
1043221187
1124229810
1134198096
1134200629
1134375918
1306124599
1225304918
1124464664
1508033432
1194164186
1205038262
1538102512
1487767190
1821171661
1811992019
1457361560
1053362574
1508851387
1447510615
1982066254
1316984255
1639112097
1467787226
1720132962
1639306343
1326545062
1245735984
1609118439
1922061969
1003017468
1053791715
1992718373
1396743555
1457671307
1972814374
1356340509
1619927969
1174788699
1114128519
1194775932
1275995714
1679913305
1134548209
1174935910
1316108038
1306957329
1063673408
1386634400
1285622951
1437155041
1982015921
1477715829
1093209777
1346530441
1487817995
1538666151
1730442500
1306163589
1538450499
1114188042
1508847930
1083806541
1891797965
1477815389
1811218332
1760828248
1508863101
1023336633
1962475806
1902848765
1962631150
1003470352
1548642234
1215172994
1548585854
1124434063
1720196314
1508927310
1548203904
1780069294
1366533846
1255441952
1023015476
1043245954
1326146630
1972764801
1528080694
1598735813
1548722440
1598385148
1164047221
1043252273
1932136959
1558590034
1457746612
1154362077
1093008302
1295963999
1750397576
1740742758
1285990671
1225326580
1538137666
1023389871
1447286190
1992237952
1629230206
1275557613
1538379789
1326075680
1902249139
1588732424
1982099131
1750517710
1366821688
1770111775
1275508160
1982041372
1861758443
1912433293
1225019904
1497119093
1477080257
1366271736
1295992550
1811267255
1952393373
1750812194
1720370067
1457348930
1063466324
1225276678
1114156841
1346243714
1437385077
1891788436
1346535481
1457586299
1750389854
1689014409
1871674507
1205811023
1508493925
1235674458
1922628577
1467494203
1265427918
1184949687
1265570840
1841487030
1013259167
1437124161
1366700460
1285049940
1821246141
1750923108
1114946555
1831175629
1396756847
1659548543
1811057821
1285746578
1922083690
1811217912
1467872390
1669478384
1801086202
1376980318
1831307594
1700869179
1386602159
1972037018
1609807445
1598022873
1922002872
1043538796
1003893454
1386838563
1386762128
1295823755
1407957160
1205065646
1881072569
1609968833
1518096692
1780614560
1295784916
1205990207
1689677742
1538162177
1841200037
1114489721
1427044072
1316357825
1578740668
1457353435
1205824448
1245371129
1497752687
1417147935
1407161771
1033420260
1548431315
1659563039
1164187019
1003899436
1952664260
1073508164
1568451797
1417916586
1497836290
1770801540
1750414157
1205837010
1992208722
1942573639
1821272378
1336161157
1205987831
1912324708
1457373466
1306837562
1346206224
1942430764
1386693604
1225092315
1336309723
1356395404
1710055041
1619957081
1144224627
1245226463
1760452338
1710093083
1811159791
1770560096
1144261876
1477879823
1386643104
1609220979
1063638682
1487067484
1972893915
1720040454
1588027213
1649267006
1437389822
1760420822
1790970291
1285782847
1467433037
1255314597
1235220799
