1982702338
1912001389
1083148274
1699033373
1548290042
1720468119
1780720219
1386648970
1629418066
1346655099
1568465748
1306003942
1487040036
1023454410
1255326476
1417973314
1508931676
1154543916
1083805725
1376538678
1932102480
1700804853
1871521625
1336130525
1750377255
1063612638
1891003745
1417918517
1871577056
1306076716
1992840128
1801900188
1033430293
1437110541
1154321156
1376833905
1972569036
1871560862
1477550184
1689677155
1972737567
1649253444
1831488915
1902800642
1942281134
1518991678
1194958959
1831130111
1174747059
1407846389
1760485627
1669900031
1467490086
1588657837
1295844934
1922213107
1275504524
1558400291
1316131865
1346402872
1073703757
1548794316
1548499940
1043473226
1467711689
1497758460
1700017902
1235107590
1508869090
1730409566
1275596892
1538168323
1225080021
1245288547
1861424228
1114941226
1609190131
1609212844
1154387595
1821004854
1609860873
1710997895
1245522820
1750393138
1518951433
1841527710
1851394241
1851512354
1457454993
1134104094
1629496641
1770572679
1265603781
1336301837
1558624528
1982702759
1205807716
1396744181
1841302577
1902917339
1023128691
1952351876
1093709339
1609801604
1376553487
1497105811
1932581642
1801885710
1932555919
1356452742
1679730758
1326048851
1528047586
1285675629
1588637433
1336124742
1629036306
1437186251
1255542767
1558893057
1861481152
1770586075
1851379812
1053321026
1316232556
1356318547
1184780330
1336355973
1861563827
1396788493
1245292143
1689760670
1336258433
1073855243
1942239272
1225477748
1023016656
1467514265
1922077106
1023123643
1073888244
1194794958
1326467515
1225046238
1982666871
1619933363
1043673742
1861494742
1235124744
1972598308
1669450607
1457322877
1033195797
1487917530
1881609642
1285818443
1497740161
1689676777
1811981152
1144242611
1104853613
1760486526
1982643904
1255339891
1437323656
1467401828
1619930120
1083810311
1306281852
1316954100
1952780371
1306952981
1891788337
1093709289
1053553719
1255334637
1154341626
1033473913
1528163466
1124097936
1336134998
1992907885
1265726913
1659374429
1053613844
1285854729
1851583322
1558446401
1124407713
1548250202
1275594970
1669462164
1447576186
1417954819
1003835505
1730280421
1568455806
1952891087
1053378109
1710245824
1225011075
1730182221
1548328875
1831151216
1316929334
1053310011
1043263833
1588957146
1538150487
1104879238
1881702447
1770514465
1437284684
1013114628
1801164827
1508840273
1417119488
1922035781
1831140953
1912947763
1265845804
1487650685
1871592352
1770740896
1114366770
1598085979
1023040714
1992784250
1649276833
1487916185
1669516746
1215925987
1164483301
1194916825
1700109501
1962436311
1457598641
1982899258
1902888662
1497748396
1578792446
1295720761
1073975322
1760700355
1174635924
1497953673
1154522407
1316959802
1063401255
1841293974
1750588034
1215314794
1528031721
1407845076
1730153024
1952395352
1114925294
1053393009
1790916385
1871912717
1215105648
1659791267
1417155771
1891876611
1124311311
1881080703
1366435851
1255696241
1114000635
1417074139
1366445645
1295153708
1730396326
1568570117
1548281074
1295731040
1710945357
1023285988
1083761183
1356788426
1619969235
1801986625
1649267592
1700850500
1437198983
1922060276
1942295233
1518937457
1760633812
1508837584
1861490146
1760433197
1508000977
1023207859
1922055664
1629489232
1023058187
1215921069
1538373485
1801993944
1720078587
1134410186
1295886125
1932102415
1831197912
1316365521
1063415552
1629006135
1629074745
1104829449
1023061736
1851710313
1790775203
1861600900
1548536295
1043276140
1073010773
1366757387
1073737532
1710050471
1487914099
1679579577
1568510899
1134118482
1831193515
1992795454
1265404503
1548264443
1851682447
1124023312
1376923144
1588667067
1629225024
1225097884
1164625018
1386624120
1235633769
1285770602
1225296585
1457587099
1497985642
1154534477
1093730996
1972534634
1295769040
1275582900
1598064909
1518003953
1245238096
1609096478
1558447342
1336139518
1447678487
1992952865
1265422265
1245440437
1306899059
1669475620
1275678492
1265413769
1922012103
1881740090
1184615072
1558562264
1043576507
1073575940
1902838550
1871615419
1912347105
1659361541
1205819331
1538554258
1881680171
1205916442
1477559854
1801906722
1811988520
1851380158
1013930825
1174568695
1609175959
1053796730
1346218401
1871595710
1710366984
1104814425
1366429706
1821020447
1508853128
1982690566
1659732576
1992737498
1740468263
1851497911
1639166069
1932420478
1568494136
1780689588
1790713931
1386613438
1063891216
1205815743
1437357936
1629041058
1366649345
1801882394
1710915178
1487655379
1811901887
1295842524
1003952466
1447256797
1396748786
1366413023
1235103904
1265473706
1306956776
1669907911
1760877120
1821059213
1851545677
1598710923
1255381125
1790754190
1609929371
1861451049
1619974433
1164589164
1407903784
1417248691
1295739779
1881854412
1396066783
1033112016
1225299829
1093718058
1083092126
1366735623
1134126030
1417147141
1215039136
1417987926
1780662312
1417016312
1043206469
1316929383
1467455675
1659381408
1649280611
1275997967
1720089592
1790785772
1700094109
1962473595
1659791945
1306887435
1356341119
1942205315
1124021688
1912151929
1750379954
1831196765
1245271931
1992016976
1932102290
1467497818
1407812647
1750489894
1528058252
1801882030
1861476913
1982655643
1417077983
1437193844
1689839086
1306012950
1063434637
1790078129
1760425250
1396920906
1952707747
1194859389
1235129552
1033293261
1518975523
1649298092
1114958071
1154382612
1174627277
1437318409
1679607030
1043387962
1437191988
1225233588
1801897194
1003819301
1932466166
1346405321
1992724991
1952492621
1235350117
1417945478
1598218372
1780998146
1578577102
1811902257
1972781805
1235575242
1982874509
1558320382
1336315753
1255727905
1902003213
1780664326
1952396186
1568486884
1174938062
1386694586
1538579719
1366432924
1972587251
1700856283
1871704007
1376533240
1861469108
1841491826
1366688665
1699716118
1700876455
1356310726
1639481492
1609894773
1689674129
1578883336
1275514937
1578568978
1518935907
1457541104
1316029382
1427037605
1215318878
1265437370
1841271228
1427215623
1437181054
1558303354
1689670887
1912962572
1952788481
1043206352
1366472383
1679707541
1659423622
1609852664
1598056822
1528066917
1538144423
1053315432
1447299904
1447291877
1063491421
1053370734
1093797011
1043507080
1992708135
1689672685
1891787404
1972575140
1548262520
1720037401
1780882670
1790198158
1851364814
1033274279
1508861659
1225070378
1245258789
1245328871
1487634143
1588690358
1639139793
1508001876
1073747465
1932190261
1184158602
1265434427
1053306035
1477648301
1710033394
1841325008
1881636793
1891862769
1710277454
1124219332
1245212901
1326139825
1275537649
1669401162
1033373600
1093833782
1134139975
1659634939
1194915371
1285808642
1114124575
1366603631
1558563601
1740417252
1740453620
1407883838
1033157623
1972982791
1801868088
1912025693
1891739322
1548221328
1871682831
1467490854
1851478531
1811928245
1760825624
1386932945
1629009675
1275590754
1326468661
1477717759
1508869819
1548673023
1578792388
1609801422
1629057666
1750565982
1760479240
1831139997
1831241587
1922167501
1912266404
1992954259
1326041377
1619330586
1306807177
1437236114
1619130895
1760724553
1841458767
1861527483
1902913825
1942202700
1982866638
1700864089
1790783769
1891887394
1912192816
1912933581
1922051127
1003078726
1194082479
1215254917
1245438886
1295788941
1316938434
1396729620
1417938713
1487065868
1578593331
1578707261
1649277351
1730155615
1760446314
1780736975
1871538116
1376655126
1457588402
1396735452
1811991433
1912930322
1013984723
1639147879
1659367423
1861456865
1003808197
1093717191
1225001845
1225290448
1235104845
1457888430
1679916639
1851755995
1912133638
1952382780
1013028380
1023068475
1245590868
1255599452
1306814686
1356702773
1386958064
1417363953
1437151990
1457440620
1457670606
1578529418
1811188543
1881685741
1922110766
1548463433
1821035569
1093781593
1124323837
1184067308
1396749735
1437470325
1457771834
1790886851
1013943950
1033115431
1174528863
1184834889
1285667030
1457356271
1467439042
1497073027
1801028600
1831118991
1891759791
1922097252
1942292776
1992913685
1093706749
1093746851
1154588374
1346575479
1538123161
1609282375
1619090370
1083698732
1215190400
1417902297
1437157484
1467423517
1487710471
1538543475
1619075678
1811051881
1821280918
1023044658
1043277361
1295733996
1457357584
1477690535
1629188073
1811967821
1891833695
1003884602
1487791547
1710278999
1285603423
1568882751
1629175369
1013195841
1033175484
1093764177
1275811317
1275953119
1700875150
1962464826
1003044058
1114140795
1528011244
1578722757
1841264371
1033108931
1740442607
1609833342
1063770758
1285615369
1285883231
